26    0    0    -1    -1.4735    -0.0015    -1.17335    -0.973351    1.6798    1.6858    7    2    0
27    0    0    -1    -1.4735    -0.0015    -0.970351    -0.770351    1.6798    1.6858    7    2    1
28    0    0    -1    -1.4735    -0.0015    -0.767351    -0.567351    1.6798    1.6858    7    2    2
29    0    0    -1    -1.4735    -0.0015    -0.564351    -0.364351    1.6798    1.6858    7    2    3
30    0    0    -1    -1.4735    -0.0015    -0.361351    -0.161351    1.6798    1.6858    7    2    4
31    0    0    -1    -1.4735    -0.0015    -0.158351    0.041649    1.6798    1.6858    7    2    5
32    0    0    0    -1.4735    -0.0015    0.044649    0.244649    1.6798    1.6858    7    2    6
33    0    0    1    -1.4735    -0.0015    0.247649    0.447649    1.6798    1.6858    7    2    7
34    0    0    1    -1.4735    -0.0015    0.450649    0.650649    1.6798    1.6858    7    2    8
35    0    0    1    -1.4735    -0.0015    0.653649    0.853649    1.6798    1.6858    7    2    9
36    0    0    1    -1.4735    -0.0015    0.856649    1.05665    1.6798    1.6858    7    2    10
37    0    0    1    -1.4735    -0.0015    1.05965    1.25965    1.6798    1.6858    7    2    11
38    0    0    1    -1.4735    -0.0015    1.26265    1.46265    1.6798    1.6858    7    2    12
39    0    1    -1    0.0015    1.4735    -1.17335    -0.973351    1.6798    1.6858    7    2    16
40    0    1    -1    0.0015    1.4735    -0.970351    -0.770351    1.6798    1.6858    7    2    17
41    0    1    -1    0.0015    1.4735    -0.767351    -0.567351    1.6798    1.6858    7    2    18
42    0    1    -1    0.0015    1.4735    -0.564351    -0.364351    1.6798    1.6858    7    2    19
43    0    1    -1    0.0015    1.4735    -0.361351    -0.161351    1.6798    1.6858    7    2    20
44    0    1    -1    0.0015    1.4735    -0.158351    0.041649    1.6798    1.6858    7    2    21
45    0    1    0    0.0015    1.4735    0.044649    0.244649    1.6798    1.6858    7    2    22
46    0    1    1    0.0015    1.4735    0.247649    0.447649    1.6798    1.6858    7    2    23
47    0    1    1    0.0015    1.4735    0.450649    0.650649    1.6798    1.6858    7    2    24
48    0    1    1    0.0015    1.4735    0.653649    0.853649    1.6798    1.6858    7    2    25
49    0    1    1    0.0015    1.4735    0.856649    1.05665    1.6798    1.6858    7    2    26
50    0    1    1    0.0015    1.4735    1.05965    1.25965    1.6798    1.6858    7    2    27
51    0    1    1    0.0015    1.4735    1.26265    1.46265    1.6798    1.6858    7    2    28
52    1    0    -1    -1.146    -0.996    -1.15885    0.143149    1.8009    1.8139    8    5    0
53    1    0    -1    -0.993    -0.843    -1.15885    0.143149    1.8009    1.8139    8    5    1
54    1    0    -1    -0.84    -0.69    -1.15885    0.143149    1.8009    1.8139    8    5    2
55    1    0    -1    -0.687    -0.537    -1.15885    0.143149    1.8009    1.8139    8    5    3
56    1    0    -1    -0.534    -0.384    -1.15885    0.143149    1.8009    1.8139    8    5    4
57    1    0    -1    -0.381    -0.231    -1.15885    0.143149    1.8009    1.8139    8    5    5
58    1    0    -1    -0.228    -0.078    -1.15885    0.143149    1.8009    1.8139    8    5    6
59    1    0    0    -0.075    0.075    -1.15885    0.143149    1.8009    1.8139    8    5    7
60    1    0    1    0.078    0.228    -1.15885    0.143149    1.8009    1.8139    8    5    8
61    1    0    1    0.231    0.381    -1.15885    0.143149    1.8009    1.8139    8    5    9
62    1    0    1    0.384    0.534    -1.15885    0.143149    1.8009    1.8139    8    5    10
63    1    0    1    0.537    0.687    -1.15885    0.143149    1.8009    1.8139    8    5    11
64    1    0    1    0.69    0.84    -1.15885    0.143149    1.8009    1.8139    8    5    12
65    1    0    1    0.843    0.993    -1.15885    0.143149    1.8009    1.8139    8    5    13
66    1    0    1    0.996    1.146    -1.15885    0.143149    1.8009    1.8139    8    5    14
67    1    1    -1    -1.146    -0.996    0.146149    1.44815    1.8009    1.8139    8    5    16
68    1    1    -1    -0.993    -0.843    0.146149    1.44815    1.8009    1.8139    8    5    17
69    1    1    -1    -0.84    -0.69    0.146149    1.44815    1.8009    1.8139    8    5    18
70    1    1    -1    -0.687    -0.537    0.146149    1.44815    1.8009    1.8139    8    5    19
71    1    1    -1    -0.534    -0.384    0.146149    1.44815    1.8009    1.8139    8    5    20
72    1    1    -1    -0.381    -0.231    0.146149    1.44815    1.8009    1.8139    8    5    21
73    1    1    -1    -0.228    -0.078    0.146149    1.44815    1.8009    1.8139    8    5    22
74    1    1    0    -0.075    0.075    0.146149    1.44815    1.8009    1.8139    8    5    23
75    1    1    1    0.078    0.228    0.146149    1.44815    1.8009    1.8139    8    5    24
76    1    1    1    0.231    0.381    0.146149    1.44815    1.8009    1.8139    8    5    25
77    1    1    1    0.384    0.534    0.146149    1.44815    1.8009    1.8139    8    5    26
78    1    1    1    0.537    0.687    0.146149    1.44815    1.8009    1.8139    8    5    27
79    1    1    1    0.69    0.84    0.146149    1.44815    1.8009    1.8139    8    5    28
80    1    1    1    0.843    0.993    0.146149    1.44815    1.8009    1.8139    8    5    29
81    1    1    1    0.996    1.146    0.146149    1.44815    1.8009    1.8139    8    5    30
82    0    0    -1    -1.4735    -0.0015    -1.17335    -0.973351    1.929    1.935    7    5    0
83    0    0    -1    -1.4735    -0.0015    -0.970351    -0.770351    1.929    1.935    7    5    1
84    0    0    -1    -1.4735    -0.0015    -0.767351    -0.567351    1.929    1.935    7    5    2
85    0    0    -1    -1.4735    -0.0015    -0.564351    -0.364351    1.929    1.935    7    5    3
86    0    0    -1    -1.4735    -0.0015    -0.361351    -0.161351    1.929    1.935    7    5    4
87    0    0    -1    -1.4735    -0.0015    -0.158351    0.041649    1.929    1.935    7    5    5
88    0    0    0    -1.4735    -0.0015    0.044649    0.244649    1.929    1.935    7    5    6
89    0    0    1    -1.4735    -0.0015    0.247649    0.447649    1.929    1.935    7    5    7
90    0    0    1    -1.4735    -0.0015    0.450649    0.650649    1.929    1.935    7    5    8
91    0    0    1    -1.4735    -0.0015    0.653649    0.853649    1.929    1.935    7    5    9
92    0    0    1    -1.4735    -0.0015    0.856649    1.05665    1.929    1.935    7    5    10
93    0    0    1    -1.4735    -0.0015    1.05965    1.25965    1.929    1.935    7    5    11
94    0    0    1    -1.4735    -0.0015    1.26265    1.46265    1.929    1.935    7    5    12
95    0    1    -1    0.0015    1.4735    -1.17335    -0.973351    1.929    1.935    7    5    16
96    0    1    -1    0.0015    1.4735    -0.970351    -0.770351    1.929    1.935    7    5    17
97    0    1    -1    0.0015    1.4735    -0.767351    -0.567351    1.929    1.935    7    5    18
98    0    1    -1    0.0015    1.4735    -0.564351    -0.364351    1.929    1.935    7    5    19
99    0    1    -1    0.0015    1.4735    -0.361351    -0.161351    1.929    1.935    7    5    20
100    0    1    -1    0.0015    1.4735    -0.158351    0.041649    1.929    1.935    7    5    21
101    0    1    0    0.0015    1.4735    0.044649    0.244649    1.929    1.935    7    5    22
102    0    1    1    0.0015    1.4735    0.247649    0.447649    1.929    1.935    7    5    23
103    0    1    1    0.0015    1.4735    0.450649    0.650649    1.929    1.935    7    5    24
104    0    1    1    0.0015    1.4735    0.653649    0.853649    1.929    1.935    7    5    25
105    0    1    1    0.0015    1.4735    0.856649    1.05665    1.929    1.935    7    5    26
106    0    1    1    0.0015    1.4735    1.05965    1.25965    1.929    1.935    7    5    27
107    0    1    1    0.0015    1.4735    1.26265    1.46265    1.929    1.935    7    5    28
108    1    0    -1    -1.299    -1.149    -1.15885    0.143149    2.0501    2.0631    8    8    0
109    1    0    -1    -1.146    -0.996    -1.15885    0.143149    2.0501    2.0631    8    8    1
110    1    0    -1    -0.993    -0.843    -1.15885    0.143149    2.0501    2.0631    8    8    2
111    1    0    -1    -0.84    -0.69    -1.15885    0.143149    2.0501    2.0631    8    8    7
112    1    0    -1    -0.687    -0.537    -1.15885    0.143149    2.0501    2.0631    8    8    3
113    1    0    -1    -0.534    -0.384    -1.15885    0.143149    2.0501    2.0631    8    8    4
114    1    0    -1    -0.381    -0.231    -1.15885    0.143149    2.0501    2.0631    8    8    6
115    1    0    -1    -0.228    -0.078    -1.15885    0.143149    2.0501    2.0631    8    8    5
116    1    0    0    -0.075    0.075    -1.15885    0.143149    2.0501    2.0631    8    8    8
117    1    0    1    0.078    0.228    -1.15885    0.143149    2.0501    2.0631    8    8    14
118    1    0    1    0.231    0.381    -1.15885    0.143149    2.0501    2.0631    8    8    10
119    1    0    1    0.384    0.534    -1.15885    0.143149    2.0501    2.0631    8    8    11
120    1    0    1    0.537    0.687    -1.15885    0.143149    2.0501    2.0631    8    8    9
121    1    0    1    0.69    0.84    -1.15885    0.143149    2.0501    2.0631    8    8    12
122    1    0    1    0.843    0.993    -1.15885    0.143149    2.0501    2.0631    8    8    13
123    1    0    1    0.996    1.146    -1.15885    0.143149    2.0501    2.0631    8    8    15
124    1    0    1    1.149    1.299    -1.15885    0.143149    2.0501    2.0631    8    17    15
125    1    1    -1    -1.299    -1.149    0.146149    1.44815    2.0501    2.0631    8    8    16
126    1    1    -1    -1.146    -0.996    0.146149    1.44815    2.0501    2.0631    8    8    17
127    1    1    -1    -0.993    -0.843    0.146149    1.44815    2.0501    2.0631    8    8    18
128    1    1    -1    -0.84    -0.69    0.146149    1.44815    2.0501    2.0631    8    8    19
129    1    1    -1    -0.687    -0.537    0.146149    1.44815    2.0501    2.0631    8    8    20
130    1    1    -1    -0.534    -0.384    0.146149    1.44815    2.0501    2.0631    8    8    21
131    1    1    -1    -0.381    -0.231    0.146149    1.44815    2.0501    2.0631    8    8    22
132    1    1    -1    -0.228    -0.078    0.146149    1.44815    2.0501    2.0631    8    8    23
133    1    1    0    -0.075    0.075    0.146149    1.44815    2.0501    2.0631    8    8    24
134    1    1    1    0.078    0.228    0.146149    1.44815    2.0501    2.0631    8    8    25
135    1    1    1    0.231    0.381    0.146149    1.44815    2.0501    2.0631    8    8    26
136    1    1    1    0.384    0.534    0.146149    1.44815    2.0501    2.0631    8    8    27
137    1    1    1    0.537    0.687    0.146149    1.44815    2.0501    2.0631    8    8    28
138    1    1    1    0.69    0.84    0.146149    1.44815    2.0501    2.0631    8    8    29
139    1    1    1    0.843    0.993    0.146149    1.44815    2.0501    2.0631    8    8    30
140    1    1    1    0.996    1.146    0.146149    1.44815    2.0501    2.0631    8    8    31
141    1    1    1    1.149    1.299    0.146149    1.44815    2.0501    2.0631    8    14    31
142    0    0    -1    -1.4735    -0.0015    -1.17335    -0.973351    2.1782    2.1842    7    8    0
143    0    0    -1    -1.4735    -0.0015    -0.970351    -0.770351    2.1782    2.1842    7    8    1
144    0    0    -1    -1.4735    -0.0015    -0.767351    -0.567351    2.1782    2.1842    7    8    2
145    0    0    -1    -1.4735    -0.0015    -0.564351    -0.364351    2.1782    2.1842    7    8    3
146    0    0    -1    -1.4735    -0.0015    -0.361351    -0.161351    2.1782    2.1842    7    8    4
147    0    0    -1    -1.4735    -0.0015    -0.158351    0.041649    2.1782    2.1842    7    8    5
148    0    0    0    -1.4735    -0.0015    0.044649    0.244649    2.1782    2.1842    7    8    6
149    0    0    1    -1.4735    -0.0015    0.247649    0.447649    2.1782    2.1842    7    8    7
150    0    0    1    -1.4735    -0.0015    0.450649    0.650649    2.1782    2.1842    7    8    8
151    0    0    1    -1.4735    -0.0015    0.653649    0.853649    2.1782    2.1842    7    8    9
152    0    0    1    -1.4735    -0.0015    0.856649    1.05665    2.1782    2.1842    7    8    10
153    0    0    1    -1.4735    -0.0015    1.05965    1.25965    2.1782    2.1842    7    8    11
154    0    0    1    -1.4735    -0.0015    1.26265    1.46265    2.1782    2.1842    7    8    12
155    0    1    -1    0.0015    1.4735    -1.17335    -0.973351    2.1782    2.1842    7    8    16
156    0    1    -1    0.0015    1.4735    -0.970351    -0.770351    2.1782    2.1842    7    8    17
157    0    1    -1    0.0015    1.4735    -0.767351    -0.567351    2.1782    2.1842    7    8    18
158    0    1    -1    0.0015    1.4735    -0.564351    -0.364351    2.1782    2.1842    7    8    19
159    0    1    -1    0.0015    1.4735    -0.361351    -0.161351    2.1782    2.1842    7    8    20
160    0    1    -1    0.0015    1.4735    -0.158351    0.041649    2.1782    2.1842    7    8    21
161    0    1    0    0.0015    1.4735    0.044649    0.244649    2.1782    2.1842    7    8    22
162    0    1    1    0.0015    1.4735    0.247649    0.447649    2.1782    2.1842    7    8    23
163    0    1    1    0.0015    1.4735    0.450649    0.650649    2.1782    2.1842    7    8    24
164    0    1    1    0.0015    1.4735    0.653649    0.853649    2.1782    2.1842    7    8    25
165    0    1    1    0.0015    1.4735    0.856649    1.05665    2.1782    2.1842    7    8    26
166    0    1    1    0.0015    1.4735    1.05965    1.25965    2.1782    2.1842    7    8    27
167    0    1    1    0.0015    1.4735    1.26265    1.46265    2.1782    2.1842    7    8    28
168    1    0    -1    -1.318    -1.118    -1.15885    0.143149    2.2993    2.3053    8    11    1
169    1    0    -1    -1.115    -0.915    -1.15885    0.143149    2.2993    2.3053    8    11    2
170    1    0    -1    -0.912    -0.712    -1.15885    0.143149    2.2993    2.3053    8    11    3
171    1    0    -1    -0.709    -0.509    -1.15885    0.143149    2.2993    2.3053    8    11    4
172    1    0    -1    -0.506    -0.306    -1.15885    0.143149    2.2993    2.3053    8    11    5
173    1    0    -1    -0.303    -0.103    -1.15885    0.143149    2.2993    2.3053    8    11    6
174    1    0    0    -0.1    0.1    -1.15885    0.143149    2.2993    2.3053    8    11    7
175    1    0    1    0.103    0.303    -1.15885    0.143149    2.2993    2.3053    8    11    8
176    1    0    1    0.306    0.506    -1.15885    0.143149    2.2993    2.3053    8    11    9
177    1    0    1    0.509    0.709    -1.15885    0.143149    2.2993    2.3053    8    11    10
178    1    0    1    0.712    0.912    -1.15885    0.143149    2.2993    2.3053    8    11    11
179    1    0    1    0.915    1.115    -1.15885    0.143149    2.2993    2.3053    8    11    12
180    1    0    1    1.118    1.318    -1.15885    0.143149    2.2993    2.3053    8    11    13
181    1    1    -1    -1.318    -1.118    0.146149    1.44815    2.2993    2.3053    8    11    17
182    1    1    -1    -1.115    -0.915    0.146149    1.44815    2.2993    2.3053    8    11    18
183    1    1    -1    -0.912    -0.712    0.146149    1.44815    2.2993    2.3053    8    11    19
184    1    1    -1    -0.709    -0.509    0.146149    1.44815    2.2993    2.3053    8    11    20
185    1    1    -1    -0.506    -0.306    0.146149    1.44815    2.2993    2.3053    8    11    21
186    1    1    -1    -0.303    -0.103    0.146149    1.44815    2.2993    2.3053    8    11    22
187    1    1    0    -0.1    0.1    0.146149    1.44815    2.2993    2.3053    8    11    23
188    1    1    1    0.103    0.303    0.146149    1.44815    2.2993    2.3053    8    11    24
189    1    1    1    0.306    0.506    0.146149    1.44815    2.2993    2.3053    8    11    25
190    1    1    1    0.509    0.709    0.146149    1.44815    2.2993    2.3053    8    11    26
191    1    1    1    0.712    0.912    0.146149    1.44815    2.2993    2.3053    8    11    27
192    1    1    1    0.915    1.115    0.146149    1.44815    2.2993    2.3053    8    11    28
193    1    1    1    1.118    1.318    0.146149    1.44815    2.2993    2.3053    8    11    29
194    0    0    -1    -1.4735    -0.0015    -1.17335    -0.973351    2.4204    2.4264    7    11    0
195    0    0    -1    -1.4735    -0.0015    -0.970351    -0.770351    2.4204    2.4264    7    11    1
196    0    0    -1    -1.4735    -0.0015    -0.767351    -0.567351    2.4204    2.4264    7    11    2
197    0    0    -1    -1.4735    -0.0015    -0.564351    -0.364351    2.4204    2.4264    7    11    3
198    0    0    -1    -1.4735    -0.0015    -0.361351    -0.161351    2.4204    2.4264    7    11    4
199    0    0    -1    -1.4735    -0.0015    -0.158351    0.041649    2.4204    2.4264    7    11    5
200    0    0    0    -1.4735    -0.0015    0.044649    0.244649    2.4204    2.4264    7    11    6
201    0    0    1    -1.4735    -0.0015    0.247649    0.447649    2.4204    2.4264    7    11    7
202    0    0    1    -1.4735    -0.0015    0.450649    0.650649    2.4204    2.4264    7    11    8
203    0    0    1    -1.4735    -0.0015    0.653649    0.853649    2.4204    2.4264    7    11    9
204    0    0    1    -1.4735    -0.0015    0.856649    1.05665    2.4204    2.4264    7    11    10
205    0    0    1    -1.4735    -0.0015    1.05965    1.25965    2.4204    2.4264    7    11    11
206    0    0    1    -1.4735    -0.0015    1.26265    1.46265    2.4204    2.4264    7    11    12
207    0    1    -1    0.0015    1.4735    -1.17335    -0.973351    2.4204    2.4264    7    11    16
208    0    1    -1    0.0015    1.4735    -0.970351    -0.770351    2.4204    2.4264    7    11    17
209    0    1    -1    0.0015    1.4735    -0.767351    -0.567351    2.4204    2.4264    7    11    18
210    0    1    -1    0.0015    1.4735    -0.564351    -0.364351    2.4204    2.4264    7    11    19
211    0    1    -1    0.0015    1.4735    -0.361351    -0.161351    2.4204    2.4264    7    11    20
212    0    1    -1    0.0015    1.4735    -0.158351    0.041649    2.4204    2.4264    7    11    21
213    0    1    0    0.0015    1.4735    0.044649    0.244649    2.4204    2.4264    7    11    22
214    0    1    1    0.0015    1.4735    0.247649    0.447649    2.4204    2.4264    7    11    23
215    0    1    1    0.0015    1.4735    0.450649    0.650649    2.4204    2.4264    7    11    24
216    0    1    1    0.0015    1.4735    0.653649    0.853649    2.4204    2.4264    7    11    25
217    0    1    1    0.0015    1.4735    0.856649    1.05665    2.4204    2.4264    7    11    26
218    0    1    1    0.0015    1.4735    1.05965    1.25965    2.4204    2.4264    7    11    27
219    0    1    1    0.0015    1.4735    1.26265    1.46265    2.4204    2.4264    7    11    28
220    1    0    -1    -1.521    -1.321    -1.15885    0.143149    2.5415    2.5475    8    14    0
221    1    0    -1    -1.318    -1.118    -1.15885    0.143149    2.5415    2.5475    8    14    1
222    1    0    -1    -1.115    -0.915    -1.15885    0.143149    2.5415    2.5475    8    14    2
223    1    0    -1    -0.912    -0.712    -1.15885    0.143149    2.5415    2.5475    8    14    3
224    1    0    -1    -0.709    -0.509    -1.15885    0.143149    2.5415    2.5475    8    14    4
225    1    0    -1    -0.506    -0.306    -1.15885    0.143149    2.5415    2.5475    8    14    5
226    1    0    -1    -0.303    -0.103    -1.15885    0.143149    2.5415    2.5475    8    14    6
227    1    0    0    -0.1    0.1    -1.15885    0.143149    2.5415    2.5475    8    11    31
228    1    0    1    0.103    0.303    -1.15885    0.143149    2.5415    2.5475    8    14    8
229    1    0    1    0.306    0.506    -1.15885    0.143149    2.5415    2.5475    8    14    9
230    1    0    1    0.509    0.709    -1.15885    0.143149    2.5415    2.5475    8    14    10
231    1    0    1    0.712    0.912    -1.15885    0.143149    2.5415    2.5475    8    14    11
232    1    0    1    0.915    1.115    -1.15885    0.143149    2.5415    2.5475    8    14    15
233    1    0    1    1.118    1.318    -1.15885    0.143149    2.5415    2.5475    8    14    13
234    1    0    1    1.321    1.521    -1.15885    0.143149    2.5415    2.5475    8    14    14
235    1    1    -1    -1.521    -1.321    0.146149    1.44815    2.5415    2.5475    8    14    16
236    1    1    -1    -1.318    -1.118    0.146149    1.44815    2.5415    2.5475    8    14    17
237    1    1    -1    -1.115    -0.915    0.146149    1.44815    2.5415    2.5475    8    14    18
238    1    1    -1    -0.912    -0.712    0.146149    1.44815    2.5415    2.5475    8    14    19
239    1    1    -1    -0.709    -0.509    0.146149    1.44815    2.5415    2.5475    8    14    20
240    1    1    -1    -0.506    -0.306    0.146149    1.44815    2.5415    2.5475    8    14    21
241    1    1    -1    -0.303    -0.103    0.146149    1.44815    2.5415    2.5475    8    14    22
242    1    1    0    -0.1    0.1    0.146149    1.44815    2.5415    2.5475    8    14    23
243    1    1    1    0.103    0.303    0.146149    1.44815    2.5415    2.5475    8    14    24
244    1    1    1    0.306    0.506    0.146149    1.44815    2.5415    2.5475    8    14    25
245    1    1    1    0.509    0.709    0.146149    1.44815    2.5415    2.5475    8    14    26
246    1    1    1    0.712    0.912    0.146149    1.44815    2.5415    2.5475    8    14    27
247    1    1    1    0.915    1.115    0.146149    1.44815    2.5415    2.5475    8    14    28
248    1    1    1    1.118    1.318    0.146149    1.44815    2.5415    2.5475    8    14    29
249    1    1    1    1.321    1.521    0.146149    1.44815    2.5415    2.5475    8    14    30
250    0    0    -1    -1.4735    -0.0015    -1.17335    -0.973351    2.6626    2.6686    7    19    0
251    0    0    -1    -1.4735    -0.0015    -0.970351    -0.770351    2.6626    2.6686    7    19    1
252    0    0    -1    -1.4735    -0.0015    -0.767351    -0.567351    2.6626    2.6686    7    19    2
253    0    0    -1    -1.4735    -0.0015    -0.564351    -0.364351    2.6626    2.6686    7    19    3
254    0    0    -1    -1.4735    -0.0015    -0.361351    -0.161351    2.6626    2.6686    7    19    4
255    0    0    -1    -1.4735    -0.0015    -0.158351    0.041649    2.6626    2.6686    7    19    5
256    0    0    0    -1.4735    -0.0015    0.044649    0.244649    2.6626    2.6686    7    19    6
257    0    0    1    -1.4735    -0.0015    0.247649    0.447649    2.6626    2.6686    7    19    7
258    0    0    1    -1.4735    -0.0015    0.450649    0.650649    2.6626    2.6686    7    19    8
259    0    0    1    -1.4735    -0.0015    0.653649    0.853649    2.6626    2.6686    7    19    9
260    0    0    1    -1.4735    -0.0015    0.856649    1.05665    2.6626    2.6686    7    19    10
261    0    0    1    -1.4735    -0.0015    1.05965    1.25965    2.6626    2.6686    7    19    11
262    0    0    1    -1.4735    -0.0015    1.26265    1.46265    2.6626    2.6686    7    19    12
263    0    1    -1    0.0015    1.4735    -1.17335    -0.973351    2.6626    2.6686    7    19    16
264    0    1    -1    0.0015    1.4735    -0.970351    -0.770351    2.6626    2.6686    7    19    17
265    0    1    -1    0.0015    1.4735    -0.767351    -0.567351    2.6626    2.6686    7    19    18
266    0    1    -1    0.0015    1.4735    -0.564351    -0.364351    2.6626    2.6686    7    19    19
267    0    1    -1    0.0015    1.4735    -0.361351    -0.161351    2.6626    2.6686    7    19    20
268    0    1    -1    0.0015    1.4735    -0.158351    0.041649    2.6626    2.6686    7    19    21
269    0    1    0    0.0015    1.4735    0.044649    0.244649    2.6626    2.6686    7    19    22
270    0    1    1    0.0015    1.4735    0.247649    0.447649    2.6626    2.6686    7    19    23
271    0    1    1    0.0015    1.4735    0.450649    0.650649    2.6626    2.6686    7    19    24
272    0    1    1    0.0015    1.4735    0.653649    0.853649    2.6626    2.6686    7    19    25
273    0    1    1    0.0015    1.4735    0.856649    1.05665    2.6626    2.6686    7    19    26
274    0    1    1    0.0015    1.4735    1.05965    1.25965    2.6626    2.6686    7    19    27
275    0    1    1    0.0015    1.4735    1.26265    1.46265    2.6626    2.6686    7    19    28
276    1    0    -1    -1.521    -1.321    -1.15885    0.143149    2.7837    2.7897    8    17    0
277    1    0    -1    -1.318    -1.118    -1.15885    0.143149    2.7837    2.7897    8    17    1
278    1    0    -1    -1.115    -0.915    -1.15885    0.143149    2.7837    2.7897    8    17    2
279    1    0    -1    -0.912    -0.712    -1.15885    0.143149    2.7837    2.7897    8    17    3
280    1    0    -1    -0.709    -0.509    -1.15885    0.143149    2.7837    2.7897    8    17    4
281    1    0    -1    -0.506    -0.306    -1.15885    0.143149    2.7837    2.7897    8    17    5
282    1    0    -1    -0.303    -0.103    -1.15885    0.143149    2.7837    2.7897    8    17    6
283    1    0    0    -0.1    0.1    -1.15885    0.143149    2.7837    2.7897    8    17    7
284    1    0    1    0.103    0.303    -1.15885    0.143149    2.7837    2.7897    8    17    8
285    1    0    1    0.306    0.506    -1.15885    0.143149    2.7837    2.7897    8    17    9
286    1    0    1    0.509    0.709    -1.15885    0.143149    2.7837    2.7897    8    17    10
287    1    0    1    0.712    0.912    -1.15885    0.143149    2.7837    2.7897    8    17    11
288    1    0    1    0.915    1.115    -1.15885    0.143149    2.7837    2.7897    8    17    12
289    1    0    1    1.118    1.318    -1.15885    0.143149    2.7837    2.7897    8    17    13
290    1    0    1    1.321    1.521    -1.15885    0.143149    2.7837    2.7897    8    17    14
291    1    1    -1    -1.521    -1.321    0.146149    1.44815    2.7837    2.7897    8    17    16
292    1    1    -1    -1.318    -1.118    0.146149    1.44815    2.7837    2.7897    8    17    17
293    1    1    -1    -1.115    -0.915    0.146149    1.44815    2.7837    2.7897    8    17    18
294    1    1    -1    -0.912    -0.712    0.146149    1.44815    2.7837    2.7897    8    17    19
295    1    1    -1    -0.709    -0.509    0.146149    1.44815    2.7837    2.7897    8    17    20
296    1    1    -1    -0.506    -0.306    0.146149    1.44815    2.7837    2.7897    8    17    21
297    1    1    -1    -0.303    -0.103    0.146149    1.44815    2.7837    2.7897    8    17    22
298    1    1    0    -0.1    0.1    0.146149    1.44815    2.7837    2.7897    8    17    23
299    1    1    1    0.103    0.303    0.146149    1.44815    2.7837    2.7897    8    17    24
300    1    1    1    0.306    0.506    0.146149    1.44815    2.7837    2.7897    8    17    25
301    1    1    1    0.509    0.709    0.146149    1.44815    2.7837    2.7897    8    17    26
302    1    1    1    0.712    0.912    0.146149    1.44815    2.7837    2.7897    8    17    27
303    1    1    1    0.915    1.115    0.146149    1.44815    2.7837    2.7897    8    17    28
304    1    1    1    1.118    1.318    0.146149    1.44815    2.7837    2.7897    8    17    29
305    1    1    1    1.321    1.521    0.146149    1.44815    2.7837    2.7897    8    17    30
306    0    0    -1    -1.4735    -0.0015    -1.17335    -0.973351    2.9048    2.9108    7    22    0
307    0    0    -1    -1.4735    -0.0015    -0.970351    -0.770351    2.9048    2.9108    7    22    1
308    0    0    -1    -1.4735    -0.0015    -0.767351    -0.567351    2.9048    2.9108    7    22    2
309    0    0    -1    -1.4735    -0.0015    -0.564351    -0.364351    2.9048    2.9108    7    22    3
310    0    0    -1    -1.4735    -0.0015    -0.361351    -0.161351    2.9048    2.9108    7    22    4
311    0    0    -1    -1.4735    -0.0015    -0.158351    0.041649    2.9048    2.9108    7    22    5
312    0    0    0    -1.4735    -0.0015    0.044649    0.244649    2.9048    2.9108    7    22    6
313    0    0    1    -1.4735    -0.0015    0.247649    0.447649    2.9048    2.9108    7    22    7
314    0    0    1    -1.4735    -0.0015    0.450649    0.650649    2.9048    2.9108    7    22    8
315    0    0    1    -1.4735    -0.0015    0.653649    0.853649    2.9048    2.9108    7    22    9
316    0    0    1    -1.4735    -0.0015    0.856649    1.05665    2.9048    2.9108    7    22    10
317    0    0    1    -1.4735    -0.0015    1.05965    1.25965    2.9048    2.9108    7    22    11
318    0    0    1    -1.4735    -0.0015    1.26265    1.46265    2.9048    2.9108    7    22    12
319    0    1    -1    0.0015    1.4735    -1.17335    -0.973351    2.9048    2.9108    7    22    16
320    0    1    -1    0.0015    1.4735    -0.970351    -0.770351    2.9048    2.9108    7    22    17
321    0    1    -1    0.0015    1.4735    -0.767351    -0.567351    2.9048    2.9108    7    22    18
322    0    1    -1    0.0015    1.4735    -0.564351    -0.364351    2.9048    2.9108    7    22    19
323    0    1    -1    0.0015    1.4735    -0.361351    -0.161351    2.9048    2.9108    7    22    20
324    0    1    -1    0.0015    1.4735    -0.158351    0.041649    2.9048    2.9108    7    22    21
325    0    1    0    0.0015    1.4735    0.044649    0.244649    2.9048    2.9108    7    22    22
326    0    1    1    0.0015    1.4735    0.247649    0.447649    2.9048    2.9108    7    22    23
327    0    1    1    0.0015    1.4735    0.450649    0.650649    2.9048    2.9108    7    22    24
328    0    1    1    0.0015    1.4735    0.653649    0.853649    2.9048    2.9108    7    22    25
329    0    1    1    0.0015    1.4735    0.856649    1.05665    2.9048    2.9108    7    22    26
330    0    1    1    0.0015    1.4735    1.05965    1.25965    2.9048    2.9108    7    22    27
331    0    1    1    0.0015    1.4735    1.26265    1.46265    2.9048    2.9108    7    22    28
